employee ID       Gender            Payrate           Exempt            Hours work        Total Pay (RM)    
03100             8.5               8.5               N                 49                493.00            
04289             4.20              4.20              Y                 50                210.00            
03111             3.90              3.90              N                 60                312.00            
05218             9.00              9.00              N                 36                324.00            
04899             5.80              5.80              N                 32                185.60            
05123             6.10              6.10              Y                 55                335.50            
05222             10.00             10.00             Y                 35                350.00            
05246             7.30              7.30              N                 45                365.00            
04321             6.00              6.00              N                 57                444.00            
